name: fid2nav_Env
channels:
  - conda-forge
  - defaults
dependencies:
  - certifi=2020.6.20=pyhd3eb1b0_3
  - console_shortcut=0.1.1=4
  - intel-openmp=2022.0.0=h57928b3_3663
  - libblas=3.9.0=12_win64_mkl
  - libcblas=3.9.0=12_win64_mkl
  - liblapack=3.9.0=12_win64_mkl
  - m2w64-gcc-libgfortran=5.3.0=6
  - m2w64-gcc-libs=5.3.0=7
  - m2w64-gcc-libs-core=5.3.0=7
  - m2w64-gmp=6.1.0=2
  - m2w64-libwinpthread-git=5.0.0.4634.697f757=2
  - mkl=2021.4.0=h0e2418a_729
  - msys2-conda-epoch=20160418=1
  - numpy=1.19.5=py36h4b40d73_2
  - pip=21.3.1=pyhd8ed1ab_0
  - powershell_shortcut=0.0.1=3
  - python=3.6.15=h39d44d4_0_cpython
  - python_abi=3.6=2_cp36m
  - scipy=1.5.3=py36h27d303f_1
  - setuptools=49.6.0=py36ha15d459_3
  - tbb=2021.5.0=h2d74725_0
  - ucrt=10.0.20348.0=h57928b3_0
  - vc=14.2=hb210afc_5
  - vs2015_runtime=14.29.30037=h902a5da_5
  - wheel=0.37.1=pyhd8ed1ab_0
  - wincertstore=0.2=py36ha15d459_1006
prefix: C:\Users\seluser\.conda\envs\fid2nav_Env
